0	0	0	0	Write	303552	32	1
1	0	0	1	Write	55584	16	1
2	26214000	0	0	Write	303568	16	1
3	26214000	0	1	Write	240832	16	1
4	78643000	0	1	Read	55584	32	1
5	117964000	0	0	Write	303568	32	1
6	117964000	0	1	Write	55584	32	1
7	530841000	0	0	Write	303584	16	1
8	530841000	0	1	Write	55584	32	1
9	550502000	0	0	Write	303584	32	1
10	550502000	0	1	Write	240832	16	1
11	602931000	0	1	Read	55600	16	1
12	648806000	0	0	Write	303600	16	1
13	648806000	0	1	Write	55600	16	1
14	910950000	0	0	Write	303600	32	1
15	910950000	0	1	Write	55600	16	1
16	930611000	0	0	Write	303616	16	1
17	930611000	0	1	Write	240832	16	1
18	983040000	0	1	Read	55600	16	1
19	1028915000	0	0	Write	303616	16	1
20	1028915000	0	1	Write	55600	16	1
21	1330380000	0	0	Write	303616	32	1
22	1330380000	0	1	Write	55600	16	1
23	1343487000	0	0	Write	303632	16	1
24	1343487000	0	1	Write	240832	16	1
25	1395916000	0	1	Read	55600	32	1
26	1441792000	0	0	Write	303632	32	1
27	1441792000	0	1	Write	55600	32	1
28	1723596000	0	0	Write	303648	16	1
29	1723596000	0	1	Write	55600	32	1
30	1736704000	0	0	Write	303648	32	1
31	1736704000	0	1	Write	240832	16	1
32	1769472000	0	0	Write	303664	16	1
33	1769472000	0	2	Write	206064	16	1
34	1769472000	0	3	Write	817760	16	1
35	1802240000	0	1	Read	55616	16	1
36	1808793000	0	0	Write	303664	16	1
37	1808793000	0	2	Write	361632	32	1
38	1808793000	0	3	Write	973344	16	1
39	1841561000	0	0	Write	303664	32	1
40	1841561000	0	1	Write	55616	16	1
41	1887436000	0	4	Write	840800	48	1
42	1939865000	0	2	Write	18032	16	1
43	1939865000	0	3	Write	287040	16	1
44	1946419000	0	5	Write	140944	16	1
45	1946419000	0	4	Write	211152	32	1
46	1946419000	0	2	Write	878224	16	1
47	1946419000	0	3	Write	1002240	16	1
48	1946419000	0	6	Write	725312	16	1
49	1946419000	0	2	Write	206064	16	1
50	1946419000	0	3	Write	817760	16	1
51	1946419000	0	4	Write	760112	16	1
52	1946419000	0	0	Write	303680	32	1
53	2070936000	0	4	Write	840800	32	1
54	2116812000	0	0	Write	303696	32	1
55	2116812000	0	2	Write	878224	16	1
56	2116812000	0	3	Write	1002240	16	1
57	2175795000	0	1	Write	269728	16	1
58	2175795000	0	7	Write	270720	32	1
59	2215116000	0	1	Read	269728	16	1
60	2221670000	0	0	Write	303712	16	1
61	2221670000	0	1	Write	55616	16	1
62	2234777000	0	0	Write	303712	16	1
63	2234777000	0	2	Write	878224	16	1
64	2234777000	0	3	Write	1002240	16	1
65	2267545000	0	0	Write	303712	32	1
66	2267545000	0	1	Write	240832	16	1
67	2319974000	0	1	Read	55632	16	1
68	2326528000	0	8	Write	146144	16	1
69	2333081000	0	9	Write	31680	16	1
70	2346188000	0	1	Write	269728	16	1
71	2346188000	0	7	Write	270720	32	1
72	2346188000	0	8	Write	450528	32	1
73	2346188000	0	9	Write	450528	32	1
74	2365849000	0	0	Write	303728	16	1
75	2365849000	0	1	Write	55632	16	1
76	2398617000	0	8	Write	146144	16	1
77	2398617000	0	9	Write	31680	16	1
78	2778726000	0	0	Write	303728	32	1
79	2778726000	0	1	Write	55632	16	1
80	2804940000	0	0	Write	303744	16	1
81	2804940000	0	1	Write	240832	16	1
82	2844262000	0	1	Read	55648	16	1
83	2883584000	0	0	Write	303744	16	1
84	2883584000	0	1	Write	55648	16	1
85	3224371000	0	0	Write	303744	32	1
86	3224371000	0	1	Write	55648	16	1
87	3224371000	0	10	Read	619152	16	1
88	3244031000	0	0	Write	303760	16	1
89	3244031000	0	1	Write	240832	16	1
90	3289907000	0	1	Read	55648	32	1
91	3329228000	0	0	Write	303760	32	1
92	3329228000	0	1	Write	55648	32	1
93	3565158000	0	10	Read	618192	16	1
94	3781427000	0	0	Write	303776	16	1
95	3781427000	0	1	Write	55648	32	1
96	3801088000	0	0	Write	303776	32	1
97	3807641000	0	1	Write	240832	16	1
98	3853516000	0	1	Read	55664	16	1
99	3866624000	0	10	Read	618768	16	1
